071 071 071 071 071 071 071 071 071 071 071 071 071 071 071 071 071 071 071 071 071 071 071 071 071 071 071 071 071 071 071 071 071 071 071 071 071 071 071 071 071 071 071 071 071 071 071 071 071 071
071 071 071 071 071 071 071 071 071 071 071 071 071 071 071 071 071 071 071 071 071 071 071 071 071 071 071 071 071 071 071 071 071 071 071 071 071 071 071 071 071 071 071 071 071 071 071 071 071 071
071 071 071 071 071 071 071 071 071 071 071 071 071 071 071 071 071 071 071 071 071 071 071 071 071 071 071 071 071 071 071 071 071 071 071 071 071 071 071 071 071 071 071 071 071 071 071 071 071 071
071 071 071 071 071 071 071 071 071 071 071 071 071 071 071 071 071 071 071 071 071 071 071 071 071 071 071 071 071 071 071 071 071 071 071 071 071 071 071 071 071 071 071 071 071 071 071 071 071 071
071 071 071 071 071 071 071 071 071 071 071 071 071 071 071 071 071 071 071 071 071 071 071 071 071 071 071 071 071 071 071 071 071 071 071 071 071 071 071 071 071 071 071 071 071 071 071 071 071 071
071 071 071 071 071 071 071 071 071 071 071 071 071 071 071 071 071 071 071 071 071 071 071 071 071 071 071 071 071 071 071 071 071 071 071 071 071 071 071 071 071 071 071 071 071 071 071 071 071 071
071 071 071 071 071 071 071 071 071 071 071 071 071 071 071 071 071 071 071 071 071 071 071 071 071 071 071 071 071 071 071 071 071 071 071 071 071 071 071 071 071 071 071 071 071 071 071 071 071 071
071 071 071 071 071 071 071 071 071 071 071 071 071 071 071 071 071 071 071 071 071 071 071 071 071 071 071 071 071 071 071 071 071 071 071 071 071 071 071 071 071 071 071 071 071 071 071 071 071 071
071 071 071 071 071 071 071 071 071 071 071 071 071 071 071 071 071 071 071 071 071 071 071 071 071 071 071 071 071 071 071 071 071 071 071 071 071 071 071 071 071 071 071 071 071 071 071 071 071 071
071 071 071 071 071 071 071 071 071 071 071 071 071 071 071 071 071 071 071 071 071 071 071 071 071 071 071 071 071 071 071 071 071 071 071 071 071 071 071 071 071 071 071 071 071 071 071 071 071 071
071 071 071 071 071 071 071 071 071 071 071 071 071 071 071 071 071 071 071 071 071 071 071 071 071 071 071 071 071 071 071 071 071 071 071 071 071 071 071 071 071 071 071 071 071 071 071 071 071 071
071 071 071 071 071 071 071 071 071 071 071 071 071 071 071 071 071 071 071 071 071 071 071 071 071 071 071 071 071 071 071 071 071 071 071 071 071 071 071 071 071 071 071 071 071 071 071 071 071 071
071 071 071 071 071 071 071 071 071 071 071 071 071 071 071 071 071 071 071 071 071 071 071 071 071 071 071 071 071 071 071 071 071 071 071 071 071 071 071 071 071 071 071 071 071 071 071 071 071 071
071 071 071 071 071 071 071 071 071 071 071 071 071 071 071 071 071 071 071 071 071 071 071 071 071 071 071 071 071 071 071 071 071 071 071 071 071 071 071 071 071 071 071 071 071 071 071 071 071 071
071 071 071 071 071 071 071 071 071 071 071 071 071 071 071 071 071 071 071 071 071 071 071 071 071 071 071 071 071 071 071 071 071 071 071 071 071 071 071 071 071 071 071 071 071 071 071 071 071 071
071 071 071 071 071 071 071 071 071 071 071 071 071 071 071 071 071 071 071 071 071 071 071 071 071 071 071 071 071 071 071 071 071 071 071 071 071 071 071 071 071 071 071 071 071 071 071 071 071 071
071 071 071 071 071 071 071 071 071 071 071 071 071 071 071 071 071 071 071 071 071 071 071 071 071 071 071 071 071 071 071 071 071 071 071 071 071 071 071 071 071 071 071 071 071 071 071 071 071 071
071 071 071 071 071 071 071 071 071 071 071 071 071 071 071 071 071 071 071 071 071 071 071 071 071 071 071 071 071 071 071 071 071 071 071 071 071 071 071 071 071 071 071 071 071 071 071 071 071 071
071 071 071 071 071 071 071 071 071 071 071 071 071 071 071 071 071 071 071 071 071 071 071 071 071 071 071 071 071 071 071 071 071 071 071 071 071 071 071 071 071 071 071 071 071 071 071 071 071 071
071 071 071 071 071 071 071 071 071 071 071 071 071 071 071 071 071 071 071 071 071 071 071 071 071 071 071 154 162 150 150 150 164 150 150 150 150 150 150 150 150 164 150 150 150 163 155 071 071 071
071 071 071 071 071 071 071 071 071 071 071 071 071 071 071 071 071 071 071 071 071 071 071 071 071 071 071 151 158 159 158 158 158 159 158 158 158 159 158 158 158 159 158 158 158 159 152 071 071 071
071 071 071 071 071 071 071 071 071 071 071 071 071 071 071 071 071 071 071 071 071 071 071 071 071 071 071 151 160 161 158 158 160 161 158 158 160 161 158 158 160 161 158 158 160 161 152 071 071 071
071 071 071 071 071 071 071 071 071 071 071 071 071 071 071 071 071 071 071 071 071 071 071 071 071 071 071 151 158 158 158 159 158 158 158 159 158 158 158 159 158 158 158 159 158 158 152 071 071 071
071 071 071 071 071 071 071 071 071 071 071 071 071 071 071 071 071 071 071 071 071 071 071 071 071 071 071 151 158 158 160 161 158 158 160 161 158 158 160 161 158 158 160 161 158 158 152 071 071 071
071 071 071 071 071 071 071 071 071 071 071 071 071 071 071 071 071 071 071 071 071 071 071 071 071 071 071 151 158 159 158 158 158 159 158 158 158 159 158 158 158 159 158 158 158 159 152 071 071 071
071 071 071 071 071 071 071 071 071 071 071 071 071 071 071 071 071 071 071 071 071 071 071 071 071 071 071 151 160 161 158 158 160 161 158 158 160 161 158 158 160 161 158 158 160 161 152 071 071 071
071 071 071 071 071 071 071 071 071 071 071 071 071 071 071 071 071 071 071 071 071 071 071 071 071 071 071 151 158 158 158 159 158 158 158 159 158 158 158 159 158 158 158 159 158 158 152 071 071 071
071 071 071 071 071 071 071 071 071 071 071 071 071 071 071 071 071 071 071 071 071 071 071 071 071 071 071 151 158 158 160 161 158 158 160 161 158 158 160 161 158 158 160 161 158 158 152 071 071 071
071 071 071 071 071 071 071 071 071 071 071 071 071 071 071 071 071 071 071 071 071 071 071 071 071 071 071 151 158 159 158 158 158 159 158 158 158 159 158 158 158 159 158 158 158 159 152 071 071 071
071 071 071 071 071 071 071 071 071 071 071 071 071 071 071 071 071 071 071 071 071 071 071 071 071 071 071 151 160 161 158 158 160 161 158 158 160 161 158 158 160 161 158 158 160 161 152 071 071 071
071 071 071 071 071 071 071 071 071 071 071 071 071 071 071 071 071 071 071 071 071 071 071 071 071 071 071 156 153 153 153 153 153 153 153 153 153 153 153 153 153 153 153 153 153 153 157 071 071 071
071 071 071 071 071 071 071 071 071 071 071 071 071 071 071 071 071 071 071 071 071 071 071 071 071 071 071 071 071 071 071 071 071 071 071 071 071 071 071 071 071 071 071 071 071 071 071 071 071 071
071 071 071 071 071 071 071 071 071 071 071 071 071 071 071 071 071 071 071 071 071 071 071 071 071 071 071 071 071 071 071 071 071 071 071 071 071 071 071 071 071 071 071 071 071 071 071 071 071 071
071 071 071 071 071 071 071 071 071 071 071 071 071 071 071 071 071 071 071 071 071 071 071 071 071 071 071 071 071 071 071 071 071 071 071 071 071 071 071 071 071 071 071 071 071 071 071 071 071 071
071 071 071 071 071 071 071 071 071 071 071 071 071 071 071 071 071 071 071 071 071 071 071 071 071 071 071 071 071 071 071 071 071 071 071 071 071 071 071 071 071 071 071 071 071 071 071 071 071 071
071 071 071 071 071 071 071 071 071 071 071 071 071 071 071 071 071 071 071 071 071 071 071 071 071 071 071 071 071 071 071 071 071 071 071 071 071 071 071 071 071 071 071 071 071 071 071 071 071 071
071 071 071 071 071 071 071 071 071 071 071 071 071 071 071 071 071 071 071 071 071 071 071 071 071 071 071 071 071 071 071 071 071 071 071 071 071 071 071 071 071 071 071 071 071 071 071 071 071 071
071 071 071 071 071 071 071 071 071 071 071 071 071 071 071 071 071 071 071 071 071 071 071 071 071 071 071 071 071 071 071 071 071 071 071 071 071 071 071 071 071 071 071 071 071 071 071 071 071 071
071 071 071 071 071 071 071 071 071 071 071 071 071 071 071 071 071 071 071 071 071 071 071 071 071 071 071 071 071 071 071 071 071 071 071 071 071 071 071 071 071 071 071 071 071 071 071 071 071 071
071 071 071 071 071 071 071 071 071 071 071 071 071 071 071 071 071 071 071 071 071 071 071 071 071 071 071 071 071 071 071 071 071 071 071 071 071 071 071 071 071 071 071 071 071 071 071 071 071 071
071 071 071 071 071 071 071 071 071 071 071 071 071 071 071 071 071 071 071 071 071 071 071 071 071 071 071 071 071 071 071 071 071 071 071 071 071 071 071 071 071 071 071 071 071 071 071 071 071 071
071 071 071 071 071 071 071 071 071 071 071 071 071 071 071 071 071 071 071 071 071 071 071 071 071 071 071 071 071 071 071 071 071 071 071 071 071 071 071 071 071 071 071 071 071 071 071 071 071 071
071 071 071 071 071 071 071 071 071 071 071 071 071 071 071 071 071 071 071 071 071 071 071 071 071 071 071 071 071 071 071 071 071 071 071 071 071 071 071 071 071 071 071 071 071 071 071 071 071 071
071 071 071 071 071 071 071 071 071 071 071 071 071 071 071 071 071 071 071 071 071 071 071 071 071 071 071 071 071 071 071 071 071 071 071 071 071 071 071 071 071 071 071 071 071 071 071 071 071 071
071 071 071 071 071 071 071 071 071 071 071 071 071 071 071 071 071 071 071 071 071 071 071 071 071 071 071 071 071 071 071 071 071 071 071 071 071 071 071 071 071 071 071 071 071 071 071 071 071 071
071 071 071 071 071 071 071 071 071 071 071 071 071 071 071 071 071 071 071 071 071 071 071 071 071 071 071 071 071 071 071 071 071 071 071 071 071 071 071 071 071 071 071 071 071 071 071 071 071 071
071 071 071 071 071 071 071 071 071 071 071 071 071 071 071 071 071 071 071 071 071 071 071 071 071 071 071 071 071 071 071 071 071 071 071 071 071 071 071 071 071 071 071 071 071 071 071 071 071 071
071 071 071 071 071 071 071 071 071 071 071 071 071 071 071 071 071 071 071 071 071 071 071 071 071 071 071 071 071 071 071 071 071 071 071 071 071 071 071 071 071 071 071 071 071 071 071 071 071 071
071 071 071 071 071 071 071 071 071 071 071 071 071 071 071 071 071 071 071 071 071 071 071 071 071 071 071 071 071 071 071 071 071 071 071 071 071 071 071 071 071 071 071 071 071 071 071 071 071 071
071 071 071 071 071 071 071 071 071 071 071 071 071 071 071 071 071 071 071 071 071 071 071 071 071 071 071 071 071 071 071 071 071 071 071 071 071 071 071 071 071 071 071 071 071 071 071 071 071 071